Chr01	56831624	12	1	1	0	rgb(255,48,48)	rgb(255,48,48)	rgb(255,48,48)	Chr01	59644097	12	1	1	0	rgb(55,48,48)	rgb(55,48,48)	rgb(55,48,48)	1
Chr02	48577505	12	1	1	0	rgb(255,48,48)	rgb(255,48,48)	rgb(255,48,48)	Chr02	51554906	12	1	1	0	rgb(55,48,48)	rgb(55,48,48)	rgb(55,48,48)	2
Chr03	45779781	12	1	1	0	rgb(255,48,48)	rgb(255,48,48)	rgb(255,48,48)	Chr03	47131600	12	1	1	0	rgb(55,48,48)	rgb(55,48,48)	rgb(55,48,48)	3
Chr04	52389146	12	1	1	0	rgb(255,48,48)	rgb(255,48,48)	rgb(255,48,48)	Chr04	53205140	12	1	1	0	rgb(55,48,48)	rgb(55,48,48)	rgb(55,48,48)	4
Chr05	42234498	12	1	1	0	rgb(255,48,48)	rgb(255,48,48)	rgb(255,48,48)	Chr05	44072942	12	1	1	0	rgb(55,48,48)	rgb(55,48,48)	rgb(55,48,48)	5
Chr06	51416486	12	1	1	0	rgb(255,48,48)	rgb(255,48,48)	rgb(255,48,48)	Chr06	52461415	12	1	1	0	rgb(55,48,48)	rgb(55,48,48)	rgb(55,48,48)	6
Chr07	44630646	12	1	1	0	rgb(255,48,48)	rgb(255,48,48)	rgb(255,48,48)	Chr07	47739153	12	1	1	0	rgb(55,48,48)	rgb(55,48,48)	rgb(55,48,48)	7
Chr08	47837940	12	1	1	0	rgb(255,48,48)	rgb(255,48,48)	rgb(255,48,48)	Chr08	50214344	12	1	1	0	rgb(55,48,48)	rgb(55,48,48)	rgb(55,48,48)	8
Chr09	50189764	12	1	1	0	rgb(255,48,48)	rgb(255,48,48)	rgb(255,48,48)	Chr09	51981488	12	1	1	0	rgb(55,48,48)	rgb(55,48,48)	rgb(55,48,48)	9
Chr10	51566898	12	1	1	0	rgb(255,48,48)	rgb(255,48,48)	rgb(255,48,48)	Chr10	53404895	12	1	1	0	rgb(55,48,48)	rgb(55,48,48)	rgb(55,48,48)	10
Chr11	34766867	12	1	1	0	rgb(255,48,48)	rgb(255,48,48)	rgb(255,48,48)	Chr11	40685020	12	1	1	0	rgb(55,48,48)	rgb(55,48,48)	rgb(55,48,48)	11
Chr12	40091314	12	1	1	0	rgb(255,48,48)	rgb(255,48,48)	rgb(255,48,48)	Chr12	43299438	12	1	1	0	rgb(55,48,48)	rgb(55,48,48)	rgb(55,48,48)	12
Chr13	45874162	12	1	1	0	rgb(255,48,48)	rgb(255,48,48)	rgb(255,48,48)	Chr13	46899706	12	1	1	0	rgb(55,48,48)	rgb(55,48,48)	rgb(55,48,48)	13
Chr14	49042192	12	1	1	0	rgb(255,48,48)	rgb(255,48,48)	rgb(255,48,48)	Chr14	51865536	12	1	1	0	rgb(55,48,48)	rgb(55,48,48)	rgb(55,48,48)	14
Chr15	51756343	12	1	1	0	rgb(255,48,48)	rgb(255,48,48)	rgb(255,48,48)	Chr15	54175411	12	1	1	0	rgb(55,48,48)	rgb(55,48,48)	rgb(55,48,48)	15
Chr16	37887014	12	1	1	0	rgb(255,48,48)	rgb(255,48,48)	rgb(255,48,48)	Chr16	38219656	12	1	1	0	rgb(55,48,48)	rgb(55,48,48)	rgb(55,48,48)	16
Chr17	41641366	12	1	1	0	rgb(255,48,48)	rgb(255,48,48)	rgb(255,48,48)	Chr17	42702338	12	1	1	0	rgb(55,48,48)	rgb(55,48,48)	rgb(55,48,48)	17
Chr18	58018742	12	1	1	0	rgb(255,48,48)	rgb(255,48,48)	rgb(255,48,48)	Chr18	60216011	12	1	1	0	rgb(55,48,48)	rgb(55,48,48)	rgb(55,48,48)	18
Chr19	50746916	12	1	1	0	rgb(255,48,48)	rgb(255,48,48)	rgb(255,48,48)	Chr19	52410246	12	1	1	0	rgb(55,48,48)	rgb(55,48,48)	rgb(55,48,48)	19
Chr20	47904181	12	1	1	0	rgb(255,48,48)	rgb(255,48,48)	rgb(255,48,48)	Chr20	52417242	12	1	1	0	rgb(55,48,48)	rgb(55,48,48)	rgb(55,48,48)	20
