Chr01	56831624	12	1	1	0.5	rgb(210,105,30)	rgb(210,105,30)	rgb(210,105,30)	Chr01	59644097	12	1	1	0.5	rgb(95,158,160)	rgb(95,158,160)	rgb(95,158,160)	1
Chr02	48577505	12	1	1	0.5	rgb(210,105,30)	rgb(210,105,30)	rgb(210,105,30)	Chr02	51554906	12	1	1	0.5	rgb(95,158,160)	rgb(95,158,160)	rgb(95,158,160)	2
Chr03	45779781	12	1	1	0.5	rgb(210,105,30)	rgb(210,105,30)	rgb(210,105,30)	Chr03	47131600	12	1	1	0.5	rgb(95,158,160)	rgb(95,158,160)	rgb(95,158,160)	3
Chr04	52389146	12	1	1	0.5	rgb(210,105,30)	rgb(210,105,30)	rgb(210,105,30)	Chr04	53205140	12	1	1	0.5	rgb(95,158,160)	rgb(95,158,160)	rgb(95,158,160)	4
Chr05	42234498	12	1	1	0.5	rgb(210,105,30)	rgb(210,105,30)	rgb(210,105,30)	Chr05	44072942	12	1	1	0.5	rgb(95,158,160)	rgb(95,158,160)	rgb(95,158,160)	5
Chr06	51416486	12	1	1	0.5	rgb(210,105,30)	rgb(210,105,30)	rgb(210,105,30)	Chr06	52461415	12	1	1	0.5	rgb(95,158,160)	rgb(95,158,160)	rgb(95,158,160)	6
Chr07	44630646	12	1	1	0.5	rgb(210,105,30)	rgb(210,105,30)	rgb(210,105,30)	Chr07	47739153	12	1	1	0.5	rgb(95,158,160)	rgb(95,158,160)	rgb(95,158,160)	7
Chr08	47837940	12	1	1	0.5	rgb(210,105,30)	rgb(210,105,30)	rgb(210,105,30)	Chr08	50214344	12	1	1	0.5	rgb(95,158,160)	rgb(95,158,160)	rgb(95,158,160)	8
Chr09	50189764	12	1	1	0.5	rgb(210,105,30)	rgb(210,105,30)	rgb(210,105,30)	Chr09	51981488	12	1	1	0.5	rgb(95,158,160)	rgb(95,158,160)	rgb(95,158,160)	9
Chr10	51566898	12	1	1	0.5	rgb(210,105,30)	rgb(210,105,30)	rgb(210,105,30)	Chr10	53404895	12	1	1	0.5	rgb(95,158,160)	rgb(95,158,160)	rgb(95,158,160)	10
Chr11	34766867	12	1	1	0.5	rgb(210,105,30)	rgb(210,105,30)	rgb(210,105,30)	Chr11	40685020	12	1	1	0.5	rgb(95,158,160)	rgb(95,158,160)	rgb(95,158,160)	11
Chr12	40091314	12	1	1	0.5	rgb(210,105,30)	rgb(210,105,30)	rgb(210,105,30)	Chr12	43299438	12	1	1	0.5	rgb(95,158,160)	rgb(95,158,160)	rgb(95,158,160)	12
Chr13	45874162	12	1	1	0.5	rgb(210,105,30)	rgb(210,105,30)	rgb(210,105,30)	Chr13	46899706	12	1	1	0.5	rgb(95,158,160)	rgb(95,158,160)	rgb(95,158,160)	13
Chr14	49042192	12	1	1	0.5	rgb(210,105,30)	rgb(210,105,30)	rgb(210,105,30)	Chr14	51865536	12	1	1	0.5	rgb(95,158,160)	rgb(95,158,160)	rgb(95,158,160)	14
Chr15	51756343	12	1	1	0.5	rgb(210,105,30)	rgb(210,105,30)	rgb(210,105,30)	Chr15	54175411	12	1	1	0.5	rgb(95,158,160)	rgb(95,158,160)	rgb(95,158,160)	15
Chr16	37887014	12	1	1	0.5	rgb(210,105,30)	rgb(210,105,30)	rgb(210,105,30)	Chr16	38219656	12	1	1	0.5	rgb(95,158,160)	rgb(95,158,160)	rgb(95,158,160)	16
Chr17	41641366	12	1	1	0.5	rgb(210,105,30)	rgb(210,105,30)	rgb(210,105,30)	Chr17	42702338	12	1	1	0.5	rgb(95,158,160)	rgb(95,158,160)	rgb(95,158,160)	17
Chr18	58018742	12	1	1	0.5	rgb(210,105,30)	rgb(210,105,30)	rgb(210,105,30)	Chr18	60216011	12	1	1	0.5	rgb(95,158,160)	rgb(95,158,160)	rgb(95,158,160)	18
Chr19	50746916	12	1	1	0.5	rgb(210,105,30)	rgb(210,105,30)	rgb(210,105,30)	Chr19	52410246	12	1	1	0.5	rgb(95,158,160)	rgb(95,158,160)	rgb(95,158,160)	19
Chr20	47904181	12	1	1	0.5	rgb(210,105,30)	rgb(210,105,30)	rgb(210,105,30)	Chr20	52417242	12	1	1	0.5	rgb(95,158,160)	rgb(95,158,160)	rgb(95,158,160)	20
